>>> sum(f[1][200:])/len(f[1][200:])
22001.439166666667
>>> numpy.std(f[1][200:])
104.14454322065505


-1 std:
[208, 217, 226, 238, 240, 241, 242, 244, 251, 258, 268, 276, 285, 288, 298, 302, 304, 308, 316, 322, 326, 330, 338, 339, 351, 354, 355, 360, 376, 377, 380, 385, 387, 395, 397, 401, 404, 412, 413, 414, 419, 420, 422, 427, 445, 447, 461, 463, 465, 480, 482, 483, 484, 487, 501, 502, 504, 505, 509, 516, 520, 521, 524, 525, 529, 535, 560, 562, 564, 577, 591, 606, 612, 616, 624, 627, 628, 642, 643, 653, 656, 662, 666, 683, 689, 704, 725, 729, 734, 738, 741, 742, 743, 750, 755, 757, 760, 777, 799, 806, 822, 829, 844, 848, 850, 853, 858, 866, 875, 883, 885, 886, 887, 889, 899, 902, 915, 935, 936, 955, 956, 957, 966, 979, 980, 1009, 1015, 1031, 1034, 1037, 1049, 1058, 1061, 1062, 1067, 1068, 1083, 1086, 1092, 1096, 1109, 1111, 1115, 1116, 1119, 1138, 1141, 1143, 1147, 1150, 1177, 1178, 1181, 1183, 1185, 1187, 1192, 1193, 1203, 1204, 1207, 1219, 1224, 1227, 1234, 1241, 1252, 1254, 1256, 1261, 1264, 1272, 1283, 1284, 1288, 1289, 1290, 1304, 1307, 1310, 1311, 1316, 1323, 1324, 1325, 1342, 1361, 1363, 1368, 1369, 1370, 1379, 1380, 1382, 1387, 1388, 1401, 1406, 1407, 1414, 1433, 1434, 1436, 1442, 1447, 1449, 1462, 1476, 1479, 1489, 1519, 1521, 1522, 1528, 1543, 1551, 1561, 1582, 1588, 1592, 1594, 1596, 1602, 1614, 1615, 1616, 1624, 1628, 1631, 1638, 1641, 1642, 1651, 1652, 1656, 1690, 1698, 1700, 1705, 1706, 1720, 1722, 1733, 1744, 1747, 1758, 1784, 1802, 1808, 1809, 1812, 1816, 1824, 1835, 1847, 1851, 1865, 1866, 1873, 1890, 1893, 1894, 1896, 1912, 1920, 1940, 1945, 1958, 1959, 1981, 1986, 1997, 2003, 2007, 2012, 2014, 2018, 2019, 2021, 2028, 2029, 2038, 2042, 2047, 2056, 2061, 2070, 2082, 2086, 2089, 2091, 2093, 2101, 2106, 2113, 2123, 2126, 2141, 2142, 2143, 2149, 2160, 2164, 2167, 2168, 2173, 2175, 2178, 2179, 2186, 2216, 2234, 2238, 2249, 2263, 2276, 2278, 2279, 2300, 2301, 2309, 2311, 2318, 2321, 2333, 2344, 2348, 2358, 2364, 2375, 2382, 2383, 2400, 2403, 2419, 2420, 2428, 2433, 2437, 2440, 2442, 2445, 2448, 2457, 2463, 2466, 2491, 2497, 2522, 2527, 2538, 2546, 2548, 2553, 2558, 2572, 2573, 2574, 2575, 2595, 2598, 2599, 2601, 2612, 2613, 2615, 2616, 2619, 2627, 2632, 2635, 2645, 2649, 2655, 2660, 2666, 2692, 2700, 2702, 2709, 2720, 2721, 2725, 2727, 2738, 2740, 2741, 2742, 2745, 2753, 2756, 2760, 2761, 2776, 2783, 2786, 2791, 2793, 2807, 2810, 2812, 2819, 2822, 2829, 2838, 2849, 2852, 2855, 2858, 2863, 2864, 2865, 2868, 2883, 2891, 2892, 2893, 2895, 2897, 2906, 2909, 2910, 2918, 2923, 2929, 2934, 2935, 2936, 2939, 2951, 2963, 2978, 2986, 2990, 3006, 3007, 3009, 3020, 3021, 3025, 3028, 3032, 3037, 3054, 3055, 3069, 3070, 3075, 3081, 3101, 3103, 3105, 3113, 3118, 3123, 3133, 3146, 3157, 3166, 3169, 3175, 3195, 3196, 3200, 3201, 3208, 3209, 3219, 3223, 3226, 3229, 3236, 3247, 3261, 3270, 3272, 3273, 3280, 3283, 3286, 3288, 3295, 3296, 3328, 3334, 3336, 3340, 3348, 3353, 3355, 3362, 3372, 3376, 3378, 3383, 3389, 3390, 3392, 3394, 3400, 3401, 3403, 3404, 3405, 3408, 3421, 3427, 3429, 3435, 3447, 3453, 3454, 3460, 3475, 3484, 3490, 3505, 3515, 3527, 3530, 3532, 3533, 3536, 3548, 3556, 3574, 3576, 3593, 3611, 3612, 3613, 3615, 3619, 3623, 3625, 3628, 3632, 3635, 3637, 3645, 3659, 3664, 3676, 3682, 3683, 3685, 3689, 3707, 3709, 3730, 3737, 3740, 3756, 3769, 3773, 3778, 3782, 3791, 3799, 3811, 3812, 3824, 3833, 3841, 3848, 3850, 3851, 3866, 3867, 3882, 3883, 3888, 3889, 3891, 3899, 3918, 3919, 3926, 3932, 3950, 3959, 3963, 3968, 3984, 3993, 3997, 3999, 4000, 4008, 4011, 4019, 4024, 4032, 4037, 4059, 4071, 4073, 4083, 4085, 4093, 4102, 4115, 4119, 4123, 4126, 4134, 4143, 4155, 4157, 4165, 4166, 4173, 4174, 4179, 4188, 4192, 4202, 4206, 4208, 4210, 4214, 4221, 4226, 4227, 4229, 4230, 4235, 4253, 4254, 4272, 4276, 4292, 4294, 4322, 4330, 4333, 4341, 4352, 4355, 4368, 4371, 4379, 4390, 4400, 4414, 4425, 4426, 4430, 4436, 4439, 4442, 4459, 4468, 4469, 4473, 4482, 4485, 4492, 4496, 4503, 4506, 4511, 4522, 4531, 4532, 4550, 4551, 4556, 4557, 4568, 4570, 4583, 4584, 4586, 4589, 4590, 4595, 4599, 4606, 4607, 4609, 4618, 4624, 4631, 4641, 4642, 4643, 4645, 4646, 4650, 4659, 4660, 4662, 4663, 4673, 4684, 4685, 4703, 4710, 4713, 4742, 4743, 4746, 4747, 4748, 4751, 4754, 4755, 4763, 4774, 4784, 4786, 4790, 4797, 4800, 4801, 4806, 4810, 4821, 4824, 4827, 4834, 4840, 4848, 4852, 4858, 4859, 4881, 4882, 4887, 4899, 4924, 4925, 4929, 4932, 4933, 4937, 4939, 4951, 4959, 4976, 4980, 4989, 4997]

-2 std:
[258, 302, 308, 385, 387, 395, 401, 502, 505, 535, 562, 591, 612, 628, 656, 662, 741, 755, 799, 866, 885, 886, 1015, 1031, 1068, 1083, 1141, 1181, 1227, 1254, 1261, 1324, 1369, 1382, 1407, 1462, 1476, 1528, 1628, 1638, 1706, 1758, 1847, 1920, 2012, 2082, 2106, 2126, 2141, 2143, 2301, 2344, 2375, 2457, 2558, 2615, 2649, 2720, 2721, 2727, 2822, 2868, 2897, 2906, 2935, 2963, 2990, 3006, 3101, 3270, 3288, 3340, 3376, 3383, 3392, 3429, 3435, 3505, 3527, 3536, 3556, 3612, 3676, 3730, 3811, 3850, 3882, 3891, 3984, 4032, 4059, 4071, 4157, 4173, 4208, 4226, 4227, 4333, 4352, 4425, 4436, 4550, 4557, 4586, 4631, 4660, 4684, 4685, 4713, 4786, 4790, 4800, 4810, 4834, 4852, 4858, 4881, 4989]

-3 std:
[395, 1181, 1227, 2963, 2990, 4227, 4810, 4858]

+1 std:
[202, 205, 210, 211, 212, 215, 216, 222, 227, 237, 247, 250, 255, 256, 259, 267, 272, 274, 282, 284, 287, 296, 314, 329, 340, 341, 345, 348, 350, 357, 373, 393, 396, 408, 424, 429, 434, 437, 442, 444, 464, 467, 472, 473, 474, 478, 490, 493, 494, 500, 515, 518, 519, 523, 531, 555, 559, 567, 575, 584, 589, 596, 600, 609, 617, 649, 660, 667, 672, 678, 682, 684, 694, 701, 708, 709, 710, 714, 728, 739, 748, 763, 765, 771, 774, 782, 784, 789, 801, 812, 821, 830, 833, 835, 843, 855, 862, 864, 867, 869, 872, 878, 897, 906, 907, 920, 926, 930, 943, 952, 958, 961, 972, 976, 981, 983, 984, 986, 989, 995, 997, 998, 1008, 1013, 1014, 1017, 1018, 1021, 1022, 1028, 1035, 1047, 1051, 1063, 1075, 1077, 1085, 1089, 1090, 1091, 1099, 1102, 1103, 1118, 1129, 1130, 1136, 1139, 1144, 1158, 1159, 1163, 1164, 1169, 1172, 1176, 1182, 1190, 1191, 1209, 1213, 1217, 1218, 1230, 1233, 1244, 1247, 1250, 1253, 1258, 1263, 1267, 1276, 1277, 1287, 1291, 1294, 1303, 1305, 1308, 1321, 1327, 1330, 1340, 1343, 1349, 1373, 1375, 1383, 1384, 1390, 1394, 1397, 1408, 1411, 1415, 1417, 1418, 1435, 1443, 1466, 1469, 1481, 1495, 1500, 1505, 1511, 1512, 1516, 1517, 1524, 1533, 1548, 1549, 1562, 1563, 1565, 1581, 1586, 1599, 1618, 1648, 1650, 1655, 1666, 1669, 1672, 1676, 1685, 1694, 1704, 1712, 1716, 1732, 1736, 1737, 1748, 1752, 1763, 1764, 1766, 1788, 1789, 1799, 1801, 1825, 1854, 1856, 1859, 1862, 1868, 1878, 1881, 1887, 1903, 1904, 1910, 1917, 1921, 1922, 1925, 1934, 1948, 1950, 1951, 1963, 1968, 1970, 1972, 1978, 1984, 1993, 1996, 1999, 2000, 2002, 2008, 2013, 2023, 2068, 2069, 2071, 2076, 2077, 2079, 2080, 2083, 2087, 2090, 2092, 2103, 2104, 2108, 2111, 2114, 2116, 2135, 2136, 2140, 2145, 2163, 2181, 2183, 2191, 2204, 2210, 2211, 2212, 2219, 2231, 2250, 2267, 2270, 2275, 2282, 2291, 2297, 2310, 2315, 2320, 2323, 2328, 2332, 2334, 2342, 2355, 2360, 2362, 2363, 2368, 2372, 2373, 2377, 2380, 2395, 2404, 2413, 2417, 2421, 2426, 2435, 2441, 2447, 2456, 2467, 2470, 2483, 2494, 2498, 2501, 2503, 2508, 2520, 2531, 2535, 2540, 2541, 2551, 2557, 2560, 2563, 2589, 2594, 2600, 2603, 2606, 2608, 2622, 2629, 2631, 2634, 2636, 2639, 2642, 2654, 2658, 2661, 2668, 2669, 2670, 2672, 2681, 2686, 2697, 2701, 2707, 2713, 2717, 2718, 2723, 2736, 2747, 2755, 2758, 2759, 2768, 2772, 2781, 2798, 2803, 2811, 2815, 2817, 2845, 2854, 2856, 2857, 2869, 2873, 2902, 2903, 2904, 2907, 2921, 2927, 2931, 2942, 2944, 2945, 2952, 2972, 2977, 2979, 2981, 2987, 2989, 2999, 3001, 3008, 3019, 3030, 3039, 3044, 3062, 3066, 3074, 3082, 3095, 3104, 3109, 3112, 3117, 3121, 3122, 3124, 3134, 3138, 3143, 3149, 3153, 3154, 3156, 3161, 3162, 3163, 3177, 3191, 3202, 3215, 3222, 3231, 3233, 3246, 3248, 3255, 3266, 3279, 3303, 3315, 3324, 3326, 3327, 3333, 3337, 3342, 3343, 3344, 3356, 3363, 3367, 3377, 3391, 3412, 3416, 3420, 3424, 3430, 3431, 3434, 3438, 3442, 3444, 3463, 3464, 3465, 3476, 3481, 3485, 3487, 3492, 3497, 3507, 3513, 3516, 3519, 3525, 3541, 3543, 3546, 3553, 3560, 3563, 3566, 3570, 3571, 3584, 3600, 3621, 3624, 3649, 3652, 3663, 3666, 3670, 3692, 3695, 3697, 3699, 3706, 3708, 3712, 3717, 3719, 3729, 3734, 3739, 3746, 3750, 3752, 3753, 3754, 3760, 3762, 3767, 3772, 3775, 3777, 3788, 3792, 3796, 3804, 3807, 3810, 3813, 3819, 3823, 3826, 3829, 3830, 3838, 3843, 3844, 3853, 3856, 3858, 3861, 3864, 3869, 3871, 3873, 3879, 3905, 3907, 3908, 3909, 3914, 3927, 3928, 3935, 3941, 3942, 3943, 3945, 3948, 3955, 3966, 3970, 3974, 3980, 3986, 3992, 3994, 3995, 3998, 4004, 4013, 4022, 4026, 4033, 4039, 4040, 4047, 4054, 4058, 4065, 4067, 4076, 4080, 4106, 4120, 4121, 4125, 4129, 4132, 4136, 4138, 4141, 4145, 4151, 4194, 4201, 4207, 4211, 4213, 4222, 4223, 4224, 4231, 4233, 4238, 4242, 4245, 4246, 4249, 4257, 4259, 4264, 4277, 4287, 4289, 4290, 4293, 4299, 4306, 4328, 4332, 4345, 4349, 4356, 4359, 4361, 4378, 4380, 4382, 4383, 4385, 4391, 4408, 4411, 4412, 4433, 4445, 4455, 4456, 4458, 4474, 4486, 4505, 4533, 4536, 4537, 4541, 4546, 4549, 4554, 4575, 4581, 4591, 4614, 4620, 4622, 4629, 4630, 4637, 4639, 4649, 4652, 4658, 4665, 4676, 4695, 4707, 4708, 4709, 4714, 4716, 4717, 4721, 4726, 4728, 4733, 4735, 4744, 4752, 4753, 4760, 4765, 4766, 4773, 4776, 4779, 4780, 4782, 4787, 4793, 4794, 4808, 4811, 4814, 4817, 4837, 4838, 4844, 4849, 4857, 4869, 4877, 4890, 4892, 4898, 4911, 4927, 4930, 4938, 4941, 4944, 4945, 4953, 4969, 4971, 4974, 4977, 4991, 4996]

+2 std:
[205, 259, 341, 408, 494, 589, 765, 855, 878, 897, 943, 998, 1018, 1075, 1102, 1129, 1136, 1139, 1190, 1233, 1250, 1327, 1390, 1495, 1524, 1581, 1650, 1685, 1716, 1732, 1766, 1788, 1801, 1887, 1921, 1948, 1951, 1996, 2002, 2013, 2087, 2181, 2183, 2250, 2275, 2320, 2377, 2395, 2421, 2441, 2498, 2541, 2603, 2631, 2639, 2713, 2781, 2798, 2972, 2979, 3117, 3163, 3231, 3424, 3438, 3481, 3487, 3507, 3543, 3570, 3571, 3600, 3624, 3652, 3804, 3858, 3861, 3907, 3935, 3966, 4013, 4121, 4125, 4145, 4242, 4257, 4264, 4289, 4290, 4332, 4356, 4486, 4533, 4536, 4549, 4629, 4630, 4652, 4695, 4765, 4787, 4794, 4811, 4877, 4890, 4898]

+3 std:
[1190, 2979, 3117, 3507, 3935, 4013, 4890]

For last state, deviations:
[-2.346, -1.538, -0.606, -0.779, 0.615, 0.0, -1.269, 0.827, 1.721, -0.067, -3.346, 2.25, 0.865, -0.058, 1.798, -0.413, -0.481, 1.394, -0.096, 0.692, 0.125, -1.221, -0.308, -0.894, -1.279, 0.596, -0.019, -1.413, -0.577, 0.962, 0.115, 0.625, -0.615, 0.481, -2.346, 0.365, -0.183, 1.337, 1.058, -0.596, -1.115, 0.913, -0.365, 0.808, 1.654, -0.385, -0.144, -0.202, -1.558, 1.731, 0.635, 0.24, -2.433, 0.99, 0.904, 0.135, 0.712, 1.385, -4.394, -1.231, 0.856, 0.606, -0.26, -0.663, -0.779, -0.106, 0.346, -0.221, -0.212, 1.067, 0.231, -0.558, 0.587, 0.779, -0.269, 0.433, 0.01, 2.673, -0.769, -0.519, 0.038, -2.24, -1.606, 0.731, 0.5, -0.279, 0.885, -1.269, -0.423, -0.635, 3.096, 0.144, 1.298, -0.933, 0.269, -0.038, -0.952, 0.298, 2.673, -1.106, 0.25, 0.125, -0.615, -0.673, 0.75, 0.231, -0.769, -0.702, -0.904, 0.337, -0.635, 1.327, -0.019, 0.567, 0.49, 0.221, 0.74, -0.154, 0.962, 0.596, -0.221, 0.673, -0.798, -0.077, -1.558, -1.144, -0.433, 1.106, -0.5, -1.115, 1.529, -0.173, -1.135, -1.269, 0.385, 0.683, -0.288, -1.019, 1.173, -1.76, -0.538, 1.029, 0.731, -0.981, 1.596, 1.058, 0.067, -0.538, -0.538, 0.673, -0.346, -1.452, 0.788, 1.231, -0.904, -0.981, 0.538, -0.077, -0.106, -1.221, 0.173, 0.644, 0.5, -0.471, -0.712, -0.788, 0.913, -0.183, 0.327, 1.269, 0.279, 1.74, -0.423, 0.375, 1.231, 0.356, -1.202, 1.337, 0.702, -0.202, -1.442, 0.106, -0.615, 0.135, 0.808, -0.779, -0.663, 0.135, -0.923, -2.096, 0.885, 1.048, -0.192, 0.192, -0.452, 0.423, 1.038, -1.692, -0.442, 1.0]
-2 std: [0, 10, 34, 52, 58, 81, 189] (Likelihood of being True, indicies)
+2 std: [11, 77, 90, 98] (likelihood of being False, indices)

Just for output bits:
[-2.346, -1.538, -0.606, -0.779, 0.615, 0.0, -1.269, 0.827, 1.721, -0.067, -3.346, 2.25, 0.865, -0.058, 1.798, -0.413, -0.481, 1.394, -0.096, 0.692, 0.125, -1.221, -0.308, -0.894, -1.279, 0.596, -0.019, -1.413, -0.577, 0.962, 0.115, 0.625, -0.615, 0.481, -2.346, 0.365, -0.183, 1.337, 1.058, -0.596, -1.115, 0.913, -0.365, 0.808, 1.654, -0.385, -0.144, -0.202, -1.558, 1.731, 0.635, 0.24, -2.433, 0.99, 0.904, 0.135, 0.712, 1.385, -4.394, -1.231, 0.856, 0.606, -0.26, -0.663]
min: -4.394 (likelihood of being True)
max: 2.25 (likelihood of being False)
